10 10
855222 533995 -141684 -868196 -706121 188107 455197 412747 591758 -179616 
-474310 -953781 745889 20402.9 223024 370493 763404 837615 82412.6 392125 
879664 -139634 513390 684286 947656 -95247.4 336124 436623 739563 -329700 
-471215 -170637 -617337 328571 -833466 -189348 -593628 68372.1 -513351 -795196 
201251 -368954 28286.9 969080 -319203 -688385 933432 -66243.8 981778 -35245.2 
705653 -570378 953452 -433311 517699 -334678 218215 -677311 682596 455931 
-844528 561612 815316 132482 -787147 210048 798564 -723458 391843 20252.6 
-551196 947768 -835420 813749 227337 -433610 77154.1 613268 251534 -856810 
213725 478472 218667 918137 -907413 -208349 -381727 -949425 -882381 209006 
-208695 -604526 -483586 -750379 236642 397065 -679936 904658 240685 287867 
