10 10
-711797 83835.3 -960674 0 0 577196 514403 -898142 -16676.7 0 
-624654 108879 -485951 0 0 0 602732 0 955162 392743 
0 -983697 0 0 -13411.6 808831 0 0 401594 0 
0 0 0 0 0 0 -628958 0 0 691967 
-749140 -901948 0 -143666 0 -255835 0 0 326273 0 
0 748382 0 0 184103 0 -491461 0 -774321 419170 
144723 0 0 0 6285.59 193140 -27497.2 214284 718866 0 
0 0 745304 0 -161825 0 0 0 -232441 0 
0 -220517 924450 0 -478493 0 0 387075 0 -611326 
-284401 9389.26 668306 0 379573 1512.18 494921 -6610.77 0 0 
