71.54,99.19:88.20,64.39,0.90;96.01,2.17,0.30;50.12,95.84,0.41;7.73,22.95,0.52;82.01,73.29,0.77;36.01,91.48,0.66;19.98,48.78,0.39;
85.68,3.89:8.04,74.25,0.82;61.55,47.05,0.62;13.21,87.90,0.67;12.09,79.35,0.21;
31.94,81.00:40.78,71.21,0.86;63.11,42.42,0.89;8.02,91.31,0.13;64.69,78.45,0.10;74.50,44.50,0.68;9.42,12.57,0.80;6.04,72.45,0.53;
64.69,78.45:8.03,98.04,0.94;63.11,42.42,0.59;31.94,81.00,0.10;39.45,82.69,0.98;61.55,47.05,0.53;75.84,21.85,0.16;94.81,98.05,0.54;82.62,57.44,0.60;
54.57,78.45:2.68,76.88,0.74;93.49,53.92,0.72;52.40,16.06,0.15;35.85,19.55,1.00;
9.35,17.45:56.81,72.19,0.38;70.94,55.53,0.21;67.36,42.58,0.93;19.73,48.06,0.38;75.84,21.85,0.24;44.14,57.43,0.45;94.81,98.05,0.29;
67.36,42.58:9.35,17.45,0.93;20.41,66.60,0.73;65.10,12.58,0.24;94.81,98.05,0.54;8.32,6.37,0.32;
19.73,48.06:89.20,86.11,0.13;75.00,40.75,0.41;9.35,17.45,0.38;9.42,12.57,0.22;88.20,64.39,0.11;59.20,16.65,0.21;83.02,64.26,0.95;43.41,20.34,0.49;85.80,87.62,0.95;
59.20,16.65:19.73,48.06,0.21;8.04,74.25,0.94;40.70,79.64,0.44;26.49,27.53,0.54;26.69,27.21,0.70;80.92,88.23,0.33;96.01,2.17,0.12;13.21,87.90,0.43;
11.86,11.92:40.78,71.21,0.86;76.06,59.23,0.21;40.70,79.64,0.44;44.14,57.43,0.72;83.97,9.99,0.15;80.92,88.23,0.25;59.54,10.69,0.19;30.56,44.23,0.46;
97.73,96.48:82.01,73.29,0.38;12.09,79.35,0.20;53.17,94.58,0.85;61.17,73.41,0.83;96.01,2.17,0.38;50.12,95.84,0.51;49.57,74.87,0.42;23.73,77.23,0.71;82.62,57.44,0.18;73.31,81.89,0.73;
92.32,13.73:75.00,40.75,0.74;61.55,47.05,0.13;84.89,4.49,0.32;36.51,34.92,0.33;14.83,24.66,0.95;88.20,64.39,0.92;11.85,2.86,0.51;40.70,79.64,0.81;53.17,94.58,0.31;
14.83,24.66:51.59,90.74,0.48;71.14,54.58,0.60;92.32,13.73,0.95;50.12,95.84,0.87;80.92,88.23,0.54;75.00,40.75,0.74;66.50,37.23,0.58;11.25,54.90,0.32;8.32,6.37,0.86;
89.20,86.11:19.73,48.06,0.13;11.85,2.86,0.40;61.55,47.05,0.41;38.43,12.40,0.44;88.20,64.39,0.92;93.49,53.92,0.84;8.04,74.25,0.45;81.71,56.07,0.29;
39.45,82.69:64.69,78.45,0.98;30.62,8.58,0.34;89.50,20.17,0.29;36.01,91.48,0.53;19.98,48.78,0.64;38.43,12.40,0.74;85.89,37.82,0.31;9.42,12.57,0.58;
69.34,66.43:44.14,57.43,0.77;61.17,73.41,0.87;11.87,11.72,0.97;88.52,64.04,0.71;
63.11,42.42:31.94,81.00,0.89;64.69,78.45,0.59;65.10,12.58,0.36;83.02,64.26,0.99;81.71,56.07,0.63;88.20,64.39,0.38;96.01,2.17,0.15;99.26,78.91,0.23;
80.92,88.23:64.59,31.19,0.68;11.86,11.92,0.25;14.83,24.66,0.54;59.20,16.65,0.33;83.02,64.26,0.90;43.68,45.18,0.99;56.81,72.19,0.96;89.50,20.17,0.89;
59.54,10.69:7.65,73.70,0.81;11.86,11.92,0.19;36.51,34.92,0.32;85.80,87.62,0.91;85.89,37.82,0.31;52.40,16.06,0.16;
75.00,40.75:19.73,48.06,0.41;92.32,13.73,0.74;7.73,22.95,0.67;73.31,81.89,0.72;14.83,24.66,0.74;88.20,64.39,0.57;72.98,93.50,0.40;56.81,72.19,0.61;
20.69,66.69:66.50,37.23,0.15;7.65,73.70,0.97;72.98,93.50,0.38;13.21,87.90,0.86;52.40,16.06,0.85;47.89,88.29,0.94;84.89,4.49,0.86;80.79,40.22,0.97;11.25,54.90,0.68;8.04,74.25,0.27;
31.15,8.39:36.01,91.48,0.37;74.50,44.50,0.44;20.41,66.60,0.39;9.42,12.57,0.88;19.98,48.78,0.32;8.32,6.37,0.43;
71.14,54.58:14.83,24.66,0.60;11.87,11.72,0.50;30.62,8.58,0.11;15.56,29.25,0.67;83.02,64.26,0.98;92.00,57.37,0.35;8.02,91.31,0.15;13.21,87.90,0.41;
2.68,76.88:54.57,78.45,0.74;56.81,72.19,0.35;80.79,40.22,0.47;88.52,64.04,0.89;76.06,59.23,0.41;70.94,55.53,0.28;36.01,91.48,0.85;
20.41,66.60:67.36,42.58,0.73;85.89,37.82,0.99;9.91,48.87,0.74;83.97,9.99,0.54;40.70,79.64,0.12;31.15,8.39,0.39;66.50,37.23,0.84;
38.43,12.40:89.20,86.11,0.44;39.45,82.69,0.74;83.02,64.26,0.55;82.01,73.29,0.29;
61.17,73.41:69.34,66.43,0.87;40.78,71.21,0.29;88.20,64.39,0.76;97.73,96.48,0.83;88.52,64.04,0.48;9.91,48.87,0.11;30.56,44.23,0.48;
36.51,34.92:92.32,13.73,0.33;59.54,10.69,0.32;6.04,72.45,0.70;92.00,57.37,0.46;92.99,89.93,0.78;7.73,22.95,0.12;
92.99,89.93:36.51,34.92,0.78;35.85,19.55,0.24;99.26,78.91,0.45;81.71,56.07,0.17;7.65,73.70,0.94;92.00,57.37,0.71;82.01,73.29,0.63;8.03,98.04,0.83;
15.56,29.25:71.14,54.58,0.67;66.50,37.23,0.80;61.55,47.05,0.22;45.82,88.49,0.63;82.01,73.29,0.70;74.50,44.50,0.25;23.73,77.23,0.97;
85.89,37.82:20.41,66.60,0.99;42.81,34.89,0.12;39.45,82.69,0.31;59.54,10.69,0.31;57.60,87.18,0.90;
83.02,64.26:63.11,42.42,0.99;80.92,88.23,0.90;72.98,93.50,0.64;38.43,12.40,0.55;49.57,74.87,0.92;71.14,54.58,0.98;19.73,48.06,0.95;69.08,16.31,0.16;
75.84,21.85:43.41,20.34,0.43;9.35,17.45,0.24;64.69,78.45,0.16;40.78,71.21,0.52;99.26,78.91,0.12;65.10,12.58,0.17;56.81,72.19,0.70;
88.52,64.04:2.68,76.88,0.89;85.80,87.62,0.35;69.34,66.43,0.71;61.17,73.41,0.48;52.40,16.06,0.15;61.55,47.05,0.90;
43.41,20.34:75.84,21.85,0.43;12.09,79.35,0.50;19.73,48.06,0.49;92.00,57.37,0.11;66.50,37.23,0.39;
74.50,44.50:31.15,8.39,0.44;15.56,29.25,0.25;31.94,81.00,0.68;
52.40,16.06:54.57,78.45,0.15;59.54,10.69,0.16;88.52,64.04,0.15;64.59,31.19,0.31;57.60,87.18,0.96;20.69,66.69,0.85;87.31,52.35,0.44;8.04,74.25,0.49;
92.00,57.37:36.51,34.92,0.46;69.08,16.31,0.52;43.41,20.34,0.11;71.14,54.58,0.35;92.99,89.93,0.71;49.57,74.87,0.87;48.87,40.31,0.43;
9.91,48.87:20.41,66.60,0.74;47.89,88.29,0.65;11.87,11.72,0.93;65.10,12.58,0.14;61.17,73.41,0.11;30.62,8.58,0.39;26.69,27.21,0.32;
88.20,64.39:71.54,99.19,0.90;19.73,48.06,0.11;63.11,42.42,0.38;61.17,73.41,0.76;92.32,13.73,0.92;19.98,48.78,0.74;75.00,40.75,0.57;89.20,86.11,0.92;50.12,95.84,0.31;72.98,93.50,0.45;59.54,59.58,0.87;26.69,27.21,0.17;22.88,69.91,0.45;
30.62,8.58:39.45,82.69,0.34;71.14,54.58,0.11;9.91,48.87,0.39;81.71,56.07,0.20;85.80,87.62,0.11;82.62,57.44,0.92;64.59,31.19,0.35;
96.01,2.17:71.54,99.19,0.30;26.69,27.21,0.99;63.11,42.42,0.15;59.20,16.65,0.12;97.73,96.48,0.38;76.06,59.23,0.16;
64.59,31.19:80.92,88.23,0.68;52.40,16.06,0.31;70.94,55.53,0.44;93.49,53.92,0.69;42.81,34.89,0.97;72.98,93.50,0.38;30.62,8.58,0.35;45.82,88.49,0.26;
44.14,57.43:11.86,11.92,0.72;69.34,66.43,0.77;87.31,52.35,0.79;11.85,2.86,0.71;9.35,17.45,0.45;99.26,78.91,0.59;47.89,88.29,0.92;76.06,59.23,0.42;53.17,94.58,0.81;
7.73,22.95:75.00,40.75,0.67;19.98,48.78,0.97;36.51,34.92,0.12;26.69,27.21,0.78;71.54,99.19,0.52;8.02,91.31,0.44;72.98,93.50,0.67;70.94,55.53,0.80;73.31,81.89,0.67;45.33,99.50,0.78;
66.50,37.23:20.69,66.69,0.15;15.56,29.25,0.80;82.62,57.44,0.22;14.83,24.66,0.58;20.41,66.60,0.84;59.54,59.58,0.64;43.41,20.34,0.39;43.68,45.18,0.85;76.06,59.23,0.77;40.70,79.64,0.59;
48.87,40.31:80.79,40.22,0.44;92.00,57.37,0.43;84.89,4.49,0.53;8.32,6.37,0.24;6.04,72.45,0.24;
61.55,47.05:85.68,3.89,0.62;64.69,78.45,0.53;92.32,13.73,0.13;89.20,86.11,0.41;15.56,29.25,0.22;88.52,64.04,0.90;7.65,73.70,0.42;72.98,93.50,0.83;80.79,40.22,0.92;
42.81,34.89:85.89,37.82,0.12;64.59,31.19,0.97;11.85,2.86,0.23;72.98,93.50,0.55;53.17,94.58,0.98;
9.42,12.57:19.73,48.06,0.22;39.45,82.69,0.58;31.94,81.00,0.80;31.15,8.39,0.88;
47.89,88.29:9.91,48.87,0.65;93.49,53.92,0.89;44.14,57.43,0.92;20.69,66.69,0.94;84.89,4.49,0.87;94.81,98.05,0.10;35.85,19.55,0.99;57.60,87.18,0.36;69.08,16.31,0.78;
43.68,45.18:40.78,71.21,0.91;66.50,37.23,0.85;80.92,88.23,0.99;84.89,4.49,0.76;49.57,74.87,0.24;
8.02,91.31:31.94,81.00,0.13;7.73,22.95,0.44;26.49,27.53,0.71;11.87,11.72,0.54;53.17,94.58,0.23;71.14,54.58,0.15;40.78,71.21,0.83;59.54,59.58,0.43;
72.98,93.50:20.69,66.69,0.38;83.02,64.26,0.64;64.59,31.19,0.38;61.55,47.05,0.83;42.81,34.89,0.55;7.73,22.95,0.67;88.20,64.39,0.45;75.00,40.75,0.40;57.60,87.18,0.49;50.12,95.84,0.81;65.10,12.58,0.36;26.69,27.21,0.34;
6.04,72.45:36.51,34.92,0.70;48.87,40.31,0.24;80.79,40.22,0.59;87.31,52.35,0.14;31.94,81.00,0.53;56.81,72.19,0.35;82.62,57.44,0.95;19.98,48.78,0.32;
84.89,4.49:92.32,13.73,0.32;48.87,40.31,0.53;47.89,88.29,0.87;20.69,66.69,0.86;43.68,45.18,0.76;
11.85,2.86:89.20,86.11,0.40;44.14,57.43,0.71;42.81,34.89,0.23;30.56,44.23,0.93;65.10,12.58,0.34;57.60,87.18,0.97;49.57,74.87,0.49;92.32,13.73,0.51;7.65,73.70,0.45;69.08,16.31,0.51;
87.31,52.35:44.14,57.43,0.79;6.04,72.45,0.14;11.25,54.90,0.81;52.40,16.06,0.44;80.79,40.22,0.86;
93.49,53.92:54.57,78.45,0.72;64.59,31.19,0.69;47.89,88.29,0.89;57.60,87.18,0.54;89.20,86.11,0.84;85.80,87.62,0.35;56.81,72.19,0.80;51.59,90.74,0.27;
82.01,73.29:97.73,96.48,0.38;15.56,29.25,0.70;71.54,99.19,0.77;50.12,95.84,0.94;92.99,89.93,0.63;36.01,91.48,0.30;38.43,12.40,0.29;
7.65,73.70:59.54,10.69,0.81;20.69,66.69,0.97;92.99,89.93,0.94;61.55,47.05,0.42;23.73,77.23,0.26;11.85,2.86,0.45;89.50,20.17,0.22;12.09,79.35,0.41;
85.80,87.62:59.54,10.69,0.91;88.52,64.04,0.35;30.62,8.58,0.11;93.49,53.92,0.35;19.73,48.06,0.95;30.56,44.23,0.52;45.82,88.49,0.12;73.31,81.89,0.17;19.98,48.78,0.33;83.97,9.99,0.59;
80.79,40.22:2.68,76.88,0.47;48.87,40.31,0.44;6.04,72.45,0.59;87.31,52.35,0.86;40.78,71.21,0.95;61.55,47.05,0.92;69.08,16.31,0.83;12.09,79.35,0.58;20.69,66.69,0.97;35.85,19.55,0.96;13.21,87.90,0.40;
94.81,98.05:9.35,17.45,0.29;59.54,59.58,0.30;64.69,78.45,0.54;67.36,42.58,0.54;47.89,88.29,0.10;35.85,19.55,0.57;
76.06,59.23:11.86,11.92,0.21;66.50,37.23,0.77;2.68,76.88,0.41;44.14,57.43,0.42;96.01,2.17,0.16;30.56,44.23,0.69;26.49,27.53,0.15;
11.25,54.90:87.31,52.35,0.81;20.69,66.69,0.68;26.69,27.21,0.87;14.83,24.66,0.32;26.49,27.53,0.38;
35.85,19.55:92.99,89.93,0.24;30.56,44.23,0.28;80.79,40.22,0.96;94.81,98.05,0.57;47.89,88.29,0.99;54.57,78.45,1.00;57.60,87.18,0.55;59.54,59.58,0.73;
40.78,71.21:31.94,81.00,0.86;11.86,11.92,0.86;61.17,73.41,0.29;75.84,21.85,0.52;43.68,45.18,0.91;80.79,40.22,0.95;8.02,91.31,0.83;8.03,98.04,0.59;40.70,79.64,0.63;
50.12,95.84:71.54,99.19,0.41;14.83,24.66,0.87;88.20,64.39,0.31;82.01,73.29,0.94;97.73,96.48,0.51;72.98,93.50,0.81;65.10,12.58,0.20;57.60,87.18,0.18;
11.87,11.72:69.34,66.43,0.97;71.14,54.58,0.50;9.91,48.87,0.93;8.02,91.31,0.54;53.17,94.58,0.10;59.54,59.58,0.58;13.21,87.90,0.57;99.26,78.91,0.93;45.82,88.49,0.92;
8.04,74.25:85.68,3.89,0.82;59.20,16.65,0.94;20.69,66.69,0.27;52.40,16.06,0.49;89.20,86.11,0.45;49.57,74.87,0.50;
65.10,12.58:67.36,42.58,0.24;63.11,42.42,0.36;9.91,48.87,0.14;11.85,2.86,0.34;50.12,95.84,0.20;72.98,93.50,0.36;19.98,48.78,0.23;13.21,87.90,0.14;75.84,21.85,0.17;
70.94,55.53:9.35,17.45,0.21;64.59,31.19,0.44;45.82,88.49,0.89;49.57,74.87,0.79;7.73,22.95,0.80;2.68,76.88,0.28;69.08,16.31,0.23;
40.70,79.64:59.20,16.65,0.44;11.86,11.92,0.44;20.41,66.60,0.12;66.50,37.23,0.59;56.81,72.19,0.69;92.32,13.73,0.81;40.78,71.21,0.63;59.54,59.58,0.50;
57.60,87.18:52.40,16.06,0.96;72.98,93.50,0.49;11.85,2.86,0.97;93.49,53.92,0.54;47.89,88.29,0.36;35.85,19.55,0.55;85.89,37.82,0.90;49.57,74.87,0.24;50.12,95.84,0.18;81.71,56.07,0.13;
59.54,59.58:66.50,37.23,0.64;94.81,98.05,0.30;11.87,11.72,0.58;8.32,6.37,0.20;88.20,64.39,0.87;35.85,19.55,0.73;8.02,91.31,0.43;40.70,79.64,0.50;
49.57,74.87:83.02,64.26,0.92;92.00,57.37,0.87;11.85,2.86,0.49;8.04,74.25,0.50;70.94,55.53,0.79;57.60,87.18,0.24;97.73,96.48,0.42;43.68,45.18,0.24;36.01,91.48,0.98;
26.69,27.21:59.20,16.65,0.70;96.01,2.17,0.99;7.73,22.95,0.78;11.25,54.90,0.87;88.20,64.39,0.17;72.98,93.50,0.34;9.91,48.87,0.32;8.03,98.04,0.66;81.71,56.07,0.92;26.49,27.53,0.37;
23.73,77.23:7.65,73.70,0.26;15.56,29.25,0.97;97.73,96.48,0.71;73.31,81.89,0.82;
99.26,78.91:92.99,89.93,0.45;75.84,21.85,0.12;44.14,57.43,0.59;63.11,42.42,0.23;12.09,79.35,0.80;11.87,11.72,0.93;45.82,88.49,0.90;
82.62,57.44:30.62,8.58,0.92;66.50,37.23,0.22;64.69,78.45,0.60;6.04,72.45,0.95;53.17,94.58,0.83;97.73,96.48,0.18;56.81,72.19,0.84;45.33,99.50,0.39;
8.03,98.04:64.69,78.45,0.94;40.78,71.21,0.59;69.08,16.31,0.85;26.69,27.21,0.66;92.99,89.93,0.83;51.59,90.74,0.77;
69.08,16.31:92.00,57.37,0.52;80.79,40.22,0.83;8.03,98.04,0.85;70.94,55.53,0.23;47.89,88.29,0.78;83.02,64.26,0.16;11.85,2.86,0.51;56.81,72.19,0.96;
51.59,90.74:14.83,24.66,0.48;93.49,53.92,0.27;8.03,98.04,0.77;
56.81,72.19:9.35,17.45,0.38;2.68,76.88,0.35;6.04,72.45,0.35;93.49,53.92,0.80;40.70,79.64,0.69;82.62,57.44,0.84;69.08,16.31,0.96;75.00,40.75,0.61;75.84,21.85,0.70;80.92,88.23,0.96;36.01,91.48,0.89;45.33,99.50,0.86;
89.50,20.17:39.45,82.69,0.29;80.92,88.23,0.89;7.65,73.70,0.22;
81.71,56.07:63.11,42.42,0.63;92.99,89.93,0.17;30.62,8.58,0.20;57.60,87.18,0.13;89.20,86.11,0.29;26.69,27.21,0.92;
22.88,69.91:88.20,64.39,0.45;13.21,87.90,0.81;83.97,9.99,0.49;
30.56,44.23:11.85,2.86,0.93;85.80,87.62,0.52;35.85,19.55,0.28;61.17,73.41,0.48;11.86,11.92,0.46;53.17,94.58,0.92;76.06,59.23,0.69;73.31,81.89,0.56;
36.01,91.48:39.45,82.69,0.53;31.15,8.39,0.37;82.01,73.29,0.30;49.57,74.87,0.98;73.31,81.89,0.95;2.68,76.88,0.85;71.54,99.19,0.66;56.81,72.19,0.89;
45.82,88.49:15.56,29.25,0.63;70.94,55.53,0.89;99.26,78.91,0.90;11.87,11.72,0.92;85.80,87.62,0.12;53.17,94.58,0.13;64.59,31.19,0.26;
73.31,81.89:75.00,40.75,0.72;23.73,77.23,0.82;36.01,91.48,0.95;13.21,87.90,0.84;30.56,44.23,0.56;97.73,96.48,0.73;7.73,22.95,0.67;85.80,87.62,0.17;
19.98,48.78:39.45,82.69,0.64;88.20,64.39,0.74;7.73,22.95,0.97;65.10,12.58,0.23;31.15,8.39,0.32;6.04,72.45,0.32;71.54,99.19,0.39;85.80,87.62,0.33;
8.32,6.37:48.87,40.31,0.24;59.54,59.58,0.20;14.83,24.66,0.86;45.33,99.50,0.55;31.15,8.39,0.43;67.36,42.58,0.32;
53.17,94.58:97.73,96.48,0.85;8.02,91.31,0.23;11.87,11.72,0.10;82.62,57.44,0.83;30.56,44.23,0.92;45.82,88.49,0.13;44.14,57.43,0.81;42.81,34.89,0.98;12.09,79.35,0.39;92.32,13.73,0.31;
45.33,99.50:8.32,6.37,0.55;82.62,57.44,0.39;56.81,72.19,0.86;7.73,22.95,0.78;
13.21,87.90:20.69,66.69,0.86;11.87,11.72,0.57;65.10,12.58,0.14;22.88,69.91,0.81;73.31,81.89,0.84;59.20,16.65,0.43;80.79,40.22,0.40;71.14,54.58,0.41;85.68,3.89,0.67;
26.49,27.53:59.20,16.65,0.54;8.02,91.31,0.71;76.06,59.23,0.15;11.25,54.90,0.38;26.69,27.21,0.37;
83.97,9.99:11.86,11.92,0.15;20.41,66.60,0.54;22.88,69.91,0.49;85.80,87.62,0.59;
12.09,79.35:97.73,96.48,0.20;43.41,20.34,0.50;80.79,40.22,0.58;99.26,78.91,0.80;53.17,94.58,0.39;7.65,73.70,0.41;85.68,3.89,0.21;
