1 0 0
15 1 0
36 8 0
42 0 2
63 3 3
73 17 9
94 35 15
133 40 159
122 29 62
152 43 49
173 3 9
183 43 7
208 13 28
245 72 0
228 90 241
310 95 27
289 35 7
316 74 31
380 96 169
340 143 29
366 12 317
386 146 23
439 26 11
421 25 249
486 135 3
449 182 22
480 169 123
498 219 8
533 80 177
569 209 17
561 200 3
585 226 94
636 271 26
655 195 4
722 108 20
724 140 42
697 232 419
706 265 12
944 25 25
754 321 593
870 309 1
796 292 0
763 190 2
844 11 469
907 237 224
932 316 107
877 316 110
850 184 165
942 345 67
881 278 386
967 117 13
1021 254 5
1037 342 2
976 134 479
979 244 35
1060 7 30
958 110 37
1037 240 18
1015 186 7
1114 155 0
1058 208 905
1228 81 123
1169 435 684
1240 396 114
1217 59 161
1411 97 133
1329 463 232
1363 297 382
1338 476 1613
1303 533 2486
1252 17 592
1512 557 34
1379 540 4
1524 80 1542
1402 450 587
1687 37 104
1505 39 216
1480 608 33
1500 41 1946
1601 115 0
1551 526 375
1557 435 317
1521 272 95
1600 234 74
1644 667 379
1713 251 300
1860 28 12
1910 420 29
1905 703 161
1749 480 161
1637 368 8
1724 534 743
1944 369 141
1814 720 425
1814 197 634
1884 287 336
1950 328 7
2054 576 17
2140 558 67
1963 584 199
